0 0.018656716417910446 0.5020242914979757 0.03731343283582089 0.340080971659919
0 0.058059701492537315 0.49995951417004053 0.04701492537313433 0.3385425101214576
0 0.1294029850746269 0.48400809716599197 0.05878109452736317 0.31935222672064784
0 0.19223880597014925 0.5404453441295547 0.05614427860696516 0.4748987854251013
0 0.24786069651741294 0.6064777327935224 0.054825870646766146 0.6495546558704454
0 0.35062189054726367 0.4935627530364372 0.07179104477611943 0.5089878542510121
0 0.39970149253731346 0.4754655870445344 0.02333333333333332 0.32364372469635627
0 0.5116169154228856 0.6309716599190284 0.18432835820895513 0.6729959514170039
0 0.6222388059701492 0.5553441295546558 0.06253731343283579 0.6112145748987853
0 0.6333830845771145 0.3593927125506073 0.024577114427860685 0.053076923076923015
0 0.6759203980099503 0.537246963562753 0.04681592039801007 0.5196356275303645
0 0.7112686567164179 0.4744129554655871 0.025845771144278572 0.34279352226720655
0 0.7459452736318408 0.487165991902834 0.04547263681592033 0.4280161943319838
0 0.7924129353233831 0.3945344129554656 0.04154228855721404 0.22566801619433202
0 0.8375870646766168 0.5063562753036437 0.04805970149253744 0.49194331983805667
0 0.8709701492537313 0.3465991902834008 0.028432835820895397 0.0658704453441296
0 0.9010696517412936 0.445668016194332 0.03626865671641801 0.3151012145748988
0 0.9598009950248756 0.48611336032388663 0.08039800995024889 0.3321457489878543